| batch_id | oven_id | baking_time_minutes |
|----------|---------|---------------------|
| 1        | 1       | 12.5                |
| 2        | 1       | 13.2                |
| 3        | 1       | 11.8                |
| 4        | 2       | 15.3                |
| 5        | 2       | 14.7                |
| 6        | 2       | 16.1                |
| 7        | 3       | 10.9                |
| 8        | 3       | 11.4                |
| 9        | 3       | 10.6                |
| 10       | 4       | 13.8                |
| 11       | 4       | 14.2                |
| 12       | 4       | 13.5                |
| 13       | 5       | 12.1                |
| 14       | 5       | 11.9                |
| 15       | 5       | 12.4                |
| 16       | 1       | 12.9                |
| 17       | 2       | 15.8                |
| 18       | 3       | 11.1                |
| 19       | 4       | 14.0                |
| 20       | 5       | 12.3                |
| 21       | 1       | 12.7                |
| 22       | 2       | 15.5                |
| 23       | 3       | 10.8                |
| 24       | 4       | 13.6                |
| 25       | 5       | 12.0                |
| 26       | 1       | 13.0                |
| 27       | 2       | 14.9                |
| 28       | 3       | 11.2                |
